place(0.030, 1.000, -9.404, "Soldier", 400)
upgrade(0.030, 2.350, -9.404, 50)
place(-3.273, 1.000, -9.112, "Soldier", 400)
upgrade(-3.273, 2.350, -9.112, 50)
upgrade(0.030, 2.350, -9.404, 650)
upgrade(-3.273, 2.350, -9.112, 650)
place(-18.134, 1.000, -2.634, "Shotgunner", 1225)
upgrade(-18.134, 2.350, -2.634, 640)
upgrade(-18.134, 2.350, -2.634, 1550)
place(-18.136, 1.000, -4.982, "Shotgunner", 1225)
upgrade(-18.136, 2.350, -4.982, 640)
upgrade(-18.136, 2.350, -4.982, 1550)
place(-18.394, 1.000, -7.789, "Shotgunner", 1225)
upgrade(-18.394, 2.350, -7.789, 640)
place(-18.270, 1.000, -9.880, "Shotgunner", 1225)
upgrade(-18.270, 2.350, -9.880, 640)
upgrade(-18.270, 2.350, -9.880, 1550)
place(-12.038, 1.000, -3.462, "Shotgunner", 1225)
upgrade(-12.038, 2.350, -3.462, 640)
upgrade(-12.038, 2.350, -3.462, 1550)
place(-11.934, 1.000, -1.235, "Shotgunner", 1225)
upgrade(-11.934, 2.350, -1.235, 640)
upgrade(-11.934, 2.350, -1.235, 1550)
place(-11.787, 1.000, 0.830, "Shotgunner", 1225)
upgrade(-11.787, 2.350, 0.830, 640)
upgrade(-11.787, 2.350, 0.830, 1550)
place(-12.038, 1.000, 2.850, "Shotgunner", 1225)
upgrade(-12.038, 2.350, 2.850, 640)
upgrade(-12.038, 2.350, 2.850, 1550)
place(-9.851, 1.000, -3.320, "Shotgunner", 1225)
upgrade(-9.851, 2.350, -3.320, 640)
upgrade(-9.851, 2.350, -3.320, 1550)
place(-9.856, 1.000, -1.172, "Shotgunner", 1225)
upgrade(-12.038, 2.350, -3.462, 6000)
upgrade(-18.136, 2.350, -4.982, 6000)
upgrade(-18.134, 2.350, -2.634, 6000)
upgrade(-18.394, 2.350, -7.789, 6000)
upgrade(-18.270, 2.350, -9.880, 6000)
upgrade(-11.934, 2.350, -1.235, 6000)
upgrade(-12.038, 2.350, 2.850, 6000)
upgrade(-9.851, 2.350, -3.320, 6000)
upgrade(-3.273, 2.350, -9.112, 1850)
upgrade(0.030, 2.350, -9.404, 1850)
upgrade(-3.273, 2.350, -9.112, 6000)
upgrade(0.030, 2.350, -9.404, 6000)
